96	-1.40
135	-1.40
136	-1.40
137	-1.40
139	-1.40
191	-1.74
193	-1.40
197	-1.40
204	-3.83
205	-1.40
206	-2.16
207	-1.40
208	-1.59
209	-1.40
210	-1.40
255	-1.40
258	-1.40
261	-1.39
263	-1.40
265	-3.00
266	-1.40
269	-1.40
270	-1.40
271	-1.40
272	-1.66
273	-1.40
277	-1.40
278	-1.40
279	-1.40
323	-1.40
324	-1.23
326	-1.40
327	-1.59
328	-1.63
329	-1.40
330	-1.40
331	-1.40
334	-1.40
335	-1.40
336	-1.40
337	-1.40
338	-1.40
339	-1.40
340	-1.40
344	-1.92
345	-1.40
348	-1.40
394	-1.40
395	-1.40
396	-1.40
397	-1.40
400	-1.09
401	-1.40
402	-1.40
403	-2.01
404	-1.40
405	-1.40
406	0.00
407	-1.40
408	-1.68
409	-1.05
410	-1.40
411	-1.40
413	-2.30
414	-1.40
415	-1.40
416	-0.70
420	-1.40
464	-1.40
465	-1.40
466	-1.74
467	-1.29
468	-1.40
472	-1.40
485	-1.40
491	-1.40
550	-1.40
551	-1.55
552	-1.40
553	-2.17
555	-1.49
558	-1.40
559	-1.40
564	-1.40
565	-1.40
567	-1.40
581	-1.40
619	-1.40
649	-1.40
651	-1.40
652	-1.79
653	-1.40
655	-1.40
656	-1.40
657	-1.40
658	-1.40
679	-42.32
682	-1.40
732	-0.70
733	-1.40
734	-1.40
736	-1.40
739	-1.93
744	-1.40
746	-1.40
758	-1.40
761	-1.40
762	-1.40
798	-1.40
801	-1.40
802	-2.92
805	-0.70
812	-1.40
814	-1.40
815	-1.17
816	-1.48
817	-1.40
818	-1.67
819	-1.40
820	-0.94
821	-1.40
828	-82.89
835	-1.40
837	-1.40
839	-1.40
844	-1.40
846	-1.40
886	-1.40
888	-2.03
890	-0.70
895	-1.40
897	-1.40
898	-1.40
899	-1.40
900	-1.05
901	-1.40
905	-1.40
921	-1.40
928	-1.40
931	-1.40
962	-1.40
963	-1.40
966	-1.40
967	-1.40
969	-1.53
975	-0.70
988	-1.40
989	-1.40
990	-1.40
991	-1.40
992	-1.40
993	-1.66
995	-2.38
1018	-1.40
1021	-1.40
1053	-1.40
1054	-1.40
1055	-1.40
1056	-1.40
1057	-1.40
1061	-1.60
1062	-1.40
1069	-1.40
1071	-1.40
1073	-1.40
1074	-1.40
1075	-1.40
1076	-2.64
1078	-3.02
1079	-1.40
1080	-1.40
1081	-1.40
1087	-1.40
1094	-1.40
1101	-1.40
1103	-1.40
1104	-1.40
1137	-1.40
1138	-1.05
1139	-1.40
1142	-1.40
1143	-1.40
1154	-1.40
1155	-1.40
1156	-1.40
1157	-1.40
1158	-1.40
1160	-1.40
1161	-2.42
1162	-1.40
1189	-1.40
1220	-1.40
1222	-1.40
1223	-1.40
1225	-1.40
1231	-0.94
1239	-1.64
1240	-1.40
1241	-1.40
1242	-3.22
1244	-1.40
1246	-1.40
1247	-2.98
1255	-1.40
1270	-1.40
1304	-1.40
1306	-1.68
1307	-0.70
1311	-1.40
1314	-1.40
1324	-1.40
1328	-0.70
1329	-1.40
1330	-1.40
1331	0.00
1333	-1.40
1335	-1.22
1336	-3.30
1337	-1.40
1395	-1.40
1397	-1.40
1398	-1.40
1399	-1.40
1400	-1.40
1401	-1.97
1402	-1.40
1403	-1.40
1404	-1.40
1405	-1.40
1406	-1.40
1407	-1.40
1408	-1.40
1409	-1.40
1410	-0.20
1413	-1.13
1419	-1.40
1422	-301.37
1424	-1.40
1427	-1.40
1428	-1.90
1430	-1.40
1432	-1.40
1433	-1.42
1434	-1.37
1438	-1.40
1440	-1.40
1444	-1.40
1459	-1.40
1491	-2.12
1492	-1.40
1493	-1.69
1494	-1.40
1495	-1.77
1496	-1.40
1497	-1.40
1498	-1.40
1499	-1.37
1500	-1.40
1501	-1.40
1502	-1.55
1503	-1.40
1504	-1.40
1505	-1.40
1506	-1.13
1507	-1.48
1508	-1.40
1509	-1.17
1532	-1.40
1535	-5.70
1536	-1.40
1537	-1.40
1539	-1.40
1541	-1.40
1543	-1.40
1565	-1.40
1566	-1.40
1568	-1.40
1597	-1.40
1598	-1.40
1599	-1.40
1600	-1.40
1601	-1.52
1602	-1.40
1603	-1.40
1604	-1.40
1605	-1.40
1606	-1.40
1607	-1.40
1608	-1.17
1609	-1.40
1611	-1.40
1612	-1.40
1613	-1.40
1614	-1.84
1616	-1.42
1622	-1.40
1626	-2.58
1634	-1.40
1635	-1.78
1638	-1.40
1639	-1.40
1640	-1.77
1641	-1.68
1642	-2.15
1643	-1.40
1644	-1.40
1648	-1.40
1655	-1.40
1657	-1.40
1667	-1.40
1668	-1.40
1669	-1.40
1700	-3.88
1702	-1.40
1703	-1.40
1704	-1.40
1705	-1.35
1706	-1.40
1707	-1.40
1708	-1.43
1709	-1.40
1710	-1.69
1711	-1.40
1712	-1.40
1713	-1.37
1714	-1.23
1715	-1.40
1716	-1.40
1717	-1.92
1718	-1.40
1720	-1.40
1723	-1.40
1725	-1.05
1738	-1.40
1745	-1.40
1749	-1.40
1750	-1.40
1751	-0.94
1754	-1.40
1755	-42.15
1756	-1.40
1757	-1.40
1761	-1.40
1807	-1.40
1808	-1.40
1809	-1.40
1810	-1.40
1814	-1.47
1815	-1.59
1816	-1.40
1817	-20.77
1818	-1.40
1819	-1.61
1820	-1.40
1821	-1.40
1822	-8.10
1823	-1.40
1824	-1.40
1825	-1.40
1826	-1.40
1827	-1.40
1828	-1.40
1829	-1.40
1830	-1.40
1831	-1.40
1834	-1.40
1838	-1.40
1839	-1.40
1845	-2.16
1856	-1.55
1858	-1.40
1859	-1.40
1860	-1.40
1861	-1.40
1862	-1.40
1863	-1.40
1876	-1.40
1879	-1.40
1904	-1.40
1927	-2.12
1929	-1.40
1930	-1.40
1941	-1.40
1944	-1.40
1945	-1.40
1946	-1.55
1947	-1.40
1948	-1.40
1949	-28.52
1950	-1.40
1951	-1.40
1952	-1.40
1953	-157.90
1954	-1.40
1955	-1.40
1956	-72.36
1957	-1.40
1958	-1.43
1959	-1.40
1960	-1.40
1961	-1.51
1962	-1.40
1963	-1.40
1964	-1.40
1965	-1.40
1966	-1.40
1967	-1.61
1984	-1.40
1985	-1.40
1987	-2.29
1988	-1.40
1989	-1.40
1990	-1.40
1991	-1.40
2006	-1.40
2007	-1.40
2026	-1.40
2035	-1.40
2068	-1.16
2070	-1.40
2078	-1.40
2087	-1.40
2090	-1.40
2091	-1.40
2092	-1.40
2093	-1.40
2094	-1.40
2095	-1.40
2096	-1.40
2097	-1.40
2098	-1.38
2099	-1.40
2100	-1.40
2101	-1.61
2102	-1.40
2103	-1.40
2104	-1.40
2106	-1.40
2107	-1.37
2108	-1.40
2109	-1.40
2110	-1.40
2111	-0.70
2112	-1.40
2116	-1.40
2119	-151.39
2120	-1.40
2128	-1.40
2130	-0.70
2132	-1.46
2134	-2.21
2136	-1.40
2137	-1.40
2140	-1.40
2141	-1.40
2150	-1.40
2156	-1.40
2208	-1.05
2209	-0.70
2211	-1.40
2221	-1.40
2222	-1.40
2226	-0.70
2229	-1.40
2231	-1.40
2232	-1.40
2233	-1.40
2234	-1.83
2235	-36.17
2236	-1.40
2237	-1.40
2238	-1.40
2239	-1.36
2240	-1.43
2241	-1.38
2243	-1.40
2244	-1.40
2245	-1.37
2246	-1.40
2247	-1.34
2248	-1.44
2249	-1.40
2251	-1.40
2254	-1.32
2255	-1.40
2260	-1.40
2262	-1.40
2273	-2.62
2275	-1.40
2277	-1.38
2278	-1.40
2281	-1.40
2297	-1.40
2345	-1.04
2346	-1.40
2360	-1.40
2366	-1.40
2368	-1.40
2369	-1.29
2370	-1.40
2371	-1.26
2372	-1.40
2373	-1.40
2374	-1.40
2375	-1.30
2376	-1.40
2377	-1.40
2378	-1.40
2379	-1.40
2380	-1.40
2381	-1.40
2382	-1.40
2383	-1.40
2384	-1.40
2385	-1.40
2386	-1.40
2387	-1.40
2388	-1.40
2389	-1.40
2390	-1.55
2391	-1.40
2392	-1.88
2398	-1.40
2399	-1.40
2405	-1.40
2410	-1.40
2411	-1.44
2412	-1.40
2413	-1.40
2415	-1.40
2425	-1.40
2432	-3.58
2449	-1.40
2492	-1.11
2494	-1.40
2513	-1.40
2514	-1.40
2515	-1.40
2516	-1.40
2517	-1.40
2519	-1.40
2520	-1.40
2521	-1.40
2522	-1.40
2523	-1.40
2524	-1.66
2525	-1.40
2526	-1.40
2527	-1.40
2528	-1.40
2529	-1.40
2530	-1.40
2531	-1.40
2532	-1.37
2533	-1.40
2534	-1.40
2535	-1.40
2539	-1.40
2541	-1.19
2558	-1.40
2560	-1.40
2562	-1.75
2566	-1.62
2583	-1.59
2584	-2.73
2586	-0.93
2590	-1.41
2591	-2.15
2592	-1.40
2633	-1.26
2647	-0.85
2648	-1.40
2651	-1.40
2652	-1.40
2653	-1.31
2654	-1.40
2656	-1.40
2658	-1.40
2659	-1.40
2660	-1.40
2661	-212.08
2662	-1.40
2663	-1.40
2664	-1.40
2665	-1.40
2666	-1.40
2667	-1.40
2668	-1.40
2669	-1.05
2670	-1.40
2671	-1.40
2672	-1.40
2673	-1.40
2674	-1.40
2678	-1.40
2687	-1.77
2688	-1.40
2695	-1.40
2697	-1.40
2699	-1.42
2700	-1.76
2702	-1.40
2704	-2.25
2715	-1.40
2734	-2.09
2779	-1.40
2785	-1.27
2786	-1.40
2801	-1.40
2806	-1.40
2807	-1.40
2808	-1.40
2809	-1.40
2810	-27.23
2811	-1.40
2812	-1.40
2813	-1.03
2814	-1.45
2815	-1.61
2816	-1.40
2817	-1.40
2818	-1.63
2819	-1.40
2820	-1.40
2821	-1.79
2823	-1.40
2826	-1.40
2827	-1.40
2828	-1.65
2829	-1.40
2830	-1.40
2831	-1.50
2834	-1.40
2839	-1.84
2850	-1.40
2854	-2.01
2855	-1.40
2856	-1.40
2857	-1.40
2858	-1.40
2859	-1.57
2862	-1.40
2883	-1.40
2884	-1.91
2885	-1.40
2929	-1.40
2931	-1.40
2947	-1.40
2949	-1.03
2950	-1.40
2951	-1.22
2952	-1.40
2953	-1.40
2954	-1.40
2955	-1.41
2956	-1.40
2957	-1.34
2958	-1.40
2959	-1.40
2960	-1.40
2961	-1.40
2962	-1.40
2963	-1.40
2964	-1.40
2966	-1.40
2971	-1.40
2972	-1.40
2976	-1.40
2981	-0.84
2982	-1.40
2983	-1.40
2984	-1.38
2985	-1.40
2986	-1.40
2987	-1.40
2988	-1.40
2991	-2.54
2997	-1.52
3001	-1.40
3005	-1.40
3010	-0.19
3031	-1.40
3032	-1.99
3074	-1.40
3075	-1.40
3076	-1.40
3077	-1.40
3094	-0.79
3096	-1.40
3110	-1.40
3111	-1.40
3112	-1.56
3113	-1.40
3114	-1.40
3115	-1.40
3116	-1.40
3117	-1.40
3118	-1.41
3119	-1.40
3120	-1.40
3121	-1.40
3122	-1.40
3123	-287.79
3124	-1.40
3126	-1.40
3127	-1.40
3128	-1.40
3143	-1.40
3147	-1.40
3148	-1.40
3149	-1.40
3150	-1.40
3151	-1.40
3153	-1.40
3156	-1.40
3161	-46.26
3165	-1.50
3170	-1.40
3175	-1.31
3187	-3.82
3203	-1.40
3205	-1.40
3252	-1.40
3260	-1.40
3261	-1.40
3288	-1.40
3289	-1.40
3292	-1.40
3293	-1.77
3294	-1.40
3295	-1.40
3296	-1.40
3297	-1.40
3298	-1.40
3299	-1.40
3300	-32.26
3301	-1.40
3302	-1.40
3303	-1.40
3304	-1.40
3305	-1.40
3306	-1.40
3307	-1.40
3311	-1.40
3314	-1.40
3324	-1.40
3325	-1.40
3326	-1.40
3327	-1.40
3331	-1.40
3343	-1.53
3349	-1.40
3362	-821.92
3365	-1.40
3367	-1.40
3373	-1.40
3383	-1.67
3392	-2.46
3393	-1.94
3396	-1.40
3397	-1.40
3473	-1.40
3475	-1.40
3478	-1.40
3479	-1.40
3480	-1.40
3481	-1.40
3483	-1.40
3484	-1.40
3485	-1.40
3488	-1.40
3489	-27.17
3490	-1.40
3493	-1.40
3496	-1.40
3504	-982.47
3507	-1.84
3516	-1.41
3517	-1.40
3518	-1.40
3519	-1.40
3520	-1.40
3525	-1.40
3526	-1.40
3531	-1.48
3538	-1.40
3546	-1.72
3547	-1.40
3553	-1.55
3564	-1.40
3568	-0.73
3570	-1.40
3572	-2.28
3573	-1.37
3644	-1.40
3647	-1.40
3650	-1.40
3651	-1.40
3652	-1.40
3653	-1.40
3654	-1.40
3655	-1.43
3656	-1.40
3657	-443.24
3658	-1.40
3659	-143.71
3660	-1.40
3661	-1.40
3662	-1.40
3663	-34.01
3664	-151.31
3668	-1.40
3675	-181.11
3682	-1.40
3686	-1.46
3687	-1.40
3688	-1.40
3689	-1.40
3690	-1.03
3694	-1.40
3704	-1.27
3705	-1.40
3711	-1.40
3718	-1.40
3720	-1.99
3723	-1.40
3741	-1.40
3742	-1.31
3745	-1.05
3746	-1.17
3748	-1.29
3749	-1.40
3816	-1.40
3817	-1.40
3820	-1.55
3845	-1.40
3846	-1.40
3848	-1.40
3849	-1.40
3850	-1.40
3857	-1.40
3862	-1.40
3863	-1.40
3864	-1.40
3865	-1.40
3866	-1.23
3867	-223.99
3868	-28.58
3869	-1.40
3870	-1.40
3882	-1.40
3888	-1.40
3889	-1.63
3890	-1.40
3891	-1.70
3892	-1.40
3893	-0.59
3898	-1.40
3900	-1.40
3905	-1.35
3917	-1.40
3932	-2.40
3939	-0.99
3944	-2.72
3946	-1.14
4014	-1.39
4015	-1.40
4016	-1.40
4042	-1.40
4045	-1.40
4046	-0.94
4047	-1.40
4049	-302.77
4056	-1.40
4074	-1.40
4079	-1.40
4080	-1.40
4085	-1.40
4086	-1.40
4087	-1731.06
4089	-1.40
4090	-1.40
4091	-302.05
4093	-1.40
4094	-1.40
4095	-633.58
4096	-1.40
4097	-1.40
4105	-1.40
4112	-1.40
4118	-1.40
4120	-1.40
4121	-1.40
4122	-1.40
4123	-1.40
4130	-1.40
4136	-0.73
4139	-2.14
4146	-1.40
4151	-2.36
4158	-0.93
4180	-1.40
4256	-1.40
4257	-1.40
4264	-1.60
4267	-1.40
4278	-1.40
4279	-1.40
4282	-1.40
4283	-1.40
4284	-1.40
4285	-1.40
4291	-1.40
4297	-1.40
4298	-1.40
4306	-1.11
4309	-1.40
4310	-1.40
4311	-144.54
4315	-328.77
4317	-1.40
4318	-1.40
4320	-1.40
4321	-180.84
4341	-1.40
4342	-549.18
4343	-1.40
4344	-684.93
4355	-1.40
4365	-1.40
4366	-1.54
4367	-1.40
4368	-1.40
4369	-1.81
4373	-1.40
4376	-1.40
4384	-1.40
4387	-1.76
4396	-1.40
4399	-1.40
4423	-1.46
4425	-1.71
4441	-1.40
4476	-0.70
4477	-1.40
4478	-1.40
4504	-1.40
4516	-1.63
4517	-1.40
4524	-1.24
4525	-1.40
4532	-3.24
4539	-723.29
4548	-2.22
4549	-1.40
4551	-1.40
4554	-1.40
4566	-7.76
4567	-1.59
4568	-1.59
4571	-1.30
4578	-1.40
4586	-1.40
4592	-1.40
4594	-1.40
4597	-1.40
4601	-1.40
4609	-1.40
4610	-2.72
4611	-1.97
4627	-1.44
4653	-1.40
4686	-1.40
4687	-0.46
4688	-1.40
4692	-1.40
4701	-1.40
4704	-0.98
4705	-1.40
4718	-1.17
4722	-1.40
4723	-1.40
4726	-1.40
4728	-1.40
4733	-1.09
4735	-287.67
4739	-1.40
4741	-1.40
4747	-302.42
4749	-1.40
4753	-557.43
4754	-1.40
4756	-1.40
4764	-1.40
4771	-1.40
4772	-1.40
4773	-1.40
4774	-1.40
4775	-1.40
4777	-0.98
4785	-1.40
4787	-1.22
4790	-1.40
4820	-1.36
4824	-0.82
4839	-1.40
4881	-1.40
4882	-1.40
4883	-1.40
4884	-1.40
4885	-1.40
4887	-1.22
4888	-1.40
4890	-1.40
4891	-1.40
4893	-1.48
4897	-1.40
4898	-1.40
4902	-1.66
4916	-1.40
4918	-1.40
4919	-1.40
4922	-1.40
4925	-1.40
4936	-1.40
4937	-1.40
4938	-1.40
4939	-1.40
4940	-1.40
4941	-1.40
4947	-1.40
4953	-1.40
4958	-1.40
4961	-1.40
4970	-1.40
4979	-1.40
4987	-1.38
4997	-1.82
5055	-1.40
5056	-1.40
5057	-1.40
5058	-0.97
5059	-1.40
5060	-1.40
5061	-1.18
5062	-0.97
5063	-1.40
5064	-1.40
5068	-1.40
5070	-349.69
5072	-0.89
5076	-151.39
5077	-1.40
5078	-1.40
5080	-1.40
5086	-1.40
5089	-1.40
5090	-1.03
5091	-1.35
5092	-1.21
5093	-371.11
5094	-1.40
5095	-1.40
5105	-1.40
5111	-1.40
5112	-1.40
5113	-1.40
5114	-2.26
5117	-1.18
5118	-1.40
5121	-1.40
5122	-1.40
5123	-1.40
5125	-1.40
5133	-1.40
5136	-1.40
5151	-1.40
5169	-1.40
5176	-1.40
5178	-1.71
5179	-1.42
5233	-1.40
5234	-1.35
5235	-1.40
5236	-1.40
5237	-1.40
5238	-1.56
5240	-1.40
5241	-1.40
5242	-1.40
5243	-1.44
5244	-1.40
5245	-1.40
5246	-422.22
5247	-1.40
5249	-301.48
5255	-0.55
5256	-1.40
5257	-0.29
5259	-1.40
5262	-1.40
5263	-1.40
5264	-1.29
5265	-1.56
5271	-1.40
5272	-1.40
5273	-1.40
5281	-1.40
5284	-1.40
5286	-1.40
5288	-1.96
5289	-1.40
5291	-1.40
5293	-1.40
5294	-1.40
5295	-1.40
5309	-1.40
5315	-1.25
5391	-1.40
5393	-1.40
5394	-1.40
5395	-1.40
5396	-1.40
5397	-1.40
5398	-1.32
5399	-1.40
5400	-1.40
5401	-1.40
5405	-1.40
5422	-1.40
5423	-1.40
5424	-1.40
5425	-1.40
5427	-1.40
5428	-1.40
5439	-1.40
5444	-1.29
5447	-1.40
5448	-1.40
5451	-0.77
5453	-1.40
5454	-1.40
5455	-1.40
5470	-1.40
5477	-1.89
5485	-1.42
5486	-1.40
5488	-1.40
5489	-1.40
5491	-1.63
5557	-1.40
5558	-1.40
5559	-1.40
5560	-1.93
5561	-1.40
5562	-1.27
5563	-1.40
5564	-1.40
5566	-1.40
5571	-1.40
5574	-1.40
5576	-2.14
5584	-144.62
5590	-1.40
5591	-1.40
5593	-1.40
5594	-1.40
5595	-1.40
5596	-1.82
5608	-1.40
5613	-1.40
5616	-1.82
5617	-1.34
5618	-1.40
5641	-3.87
5653	-1.40
5670	-1.57
5720	-1.40
5722	-1.40
5723	-1.40
5724	-1.40
5725	-71.94
5728	-0.84
5729	-1.40
5730	-1.13
5737	-1.40
5744	-1.40
5748	-1.57
5750	-1.71
5751	-1.40
5755	-1.40
5763	-2.47
5773	-1.62
5774	-1.40
5778	-1.40
5780	-1.40
5786	-1.40
5789	-1.40
5791	-1.65
5814	-3.37
5866	-1.30
5868	-1.40
5869	-1.40
5871	-0.19
5873	-1.34
5874	-1.40
5876	-1.40
5877	-1.40
5878	-1.40
5879	-1.40
5884	-1.40
5887	-1.40
5891	-1.40
5896	-1.40
5903	-1.40
5904	-1.40
5905	-1.40
5906	-1.40
5910	-1.40
5912	-1.53
5923	-2.13
5924	-1.40
5925	-0.24
5926	-1.56
5931	-1.40
5938	-1.40
5939	-1.40
5973	-1.40
6012	-0.70
6013	-0.75
6014	-1.40
6015	-1.28
6016	-1.31
6017	-1.42
6018	-1.40
6019	-1.40
6020	-1.40
6029	-1.40
6030	-1.40
6031	-1.40
6032	-1.40
6034	-1.40
6036	-1.18
6038	-1.40
6046	-1.40
6047	-1.40
6048	-1.40
6057	-1.41
6062	-1.40
6066	-1.40
6067	-1.40
6069	-0.70
6070	-1.40
6071	-0.96
6083	-2.72
6084	-3.00
6166	-1.40
6167	-1.40
6168	-0.94
6169	-1.40
6170	-1.40
6172	-1.40
6173	-1.40
6174	-1.40
6175	-1.40
6176	-1.40
6177	-1.40
6178	-1.40
6179	-1.40
6180	-1.40
6181	-1.03
6183	-1.39
6184	-0.85
6186	-219.18
6189	-1.40
6194	-1.40
6195	-1.40
6196	-1.40
6199	-1.50
6200	-1.40
6203	-1.40
6211	-1.26
6213	-1.40
6222	-1.40
6225	-1.40
6226	-1.40
6227	-1.11
6228	-0.81
6230	-0.60
6233	-1.40
6239	-1.40
6240	-1.52
6265	-1.40
6333	-1.03
6334	-1.40
6335	-1.40
6336	-1.40
6337	-1.40
6340	-1.34
6342	-1.40
6343	-1.40
6344	-1.23
6345	-1.40
6346	-1.50
6347	-1.18
6348	-1.40
6349	-1.40
6351	-1.40
6354	-1.40
6356	-1.40
6364	-1.40
6366	-1.40
6369	-1.40
6370	-1.40
6371	-1.59
6376	-1.20
6384	-0.70
6385	-1.40
6387	-2.11
6395	-1.40
6398	-1.40
6401	-1.64
6404	-1.40
6420	-1.40
6506	-1.40
6507	-1.43
6508	-1.40
6510	-1.40
6511	-1.50
6512	-1.40
6513	-1.40
6514	-1.40
6515	-1.40
6516	-1.40
6517	-1.40
6518	-1.40
6519	-1.40
6520	-1.40
6521	-1.40
6522	-1.40
6528	-1.40
6535	-1.86
6537	-1.40
6540	-1.40
6544	-1.40
6567	-1.40
6568	-1.40
6569	-1.18
6571	-1.40
6572	-1.24
6577	-2.31
6672	-1.36
6674	-37.01
6675	-1.40
6676	-1.40
6677	-1.40
6679	-1.40
6680	-1.33
6681	-1.40
6682	-1.60
6683	-1.33
6684	-1.40
6685	-1.40
6686	-1.40
6687	-1.40
6689	-1.40
6694	-1.40
6701	-1.40
6702	-1.40
6704	-1.77
6709	-1.40
6710	-1.40
6715	-1.24
6729	-1.02
6735	-1.23
6736	-1.40
6737	-1.40
6741	-2.16
6742	-1.40
6749	-1.70
6845	-3.19
6846	-1.40
6847	-1.25
6848	-0.70
6850	-1.40
6851	-1.78
6852	-1.40
6854	-1.40
6855	-1.40
6856	-1.40
6857	-1.40
6859	-1.40
6860	-1.40
6862	-1.40
6863	-1.40
6865	-1.40
6867	-1.40
6872	-1.40
6874	-1.40
6875	-1.67
6878	-1.45
6881	-1.40
6882	-1.40
6893	-1.16
6904	-1.40
6915	-1.40
6921	-1.40
6923	-1.40
7021	-1.40
7023	-1.40
7024	-1.40
7025	-1.40
7026	-1.40
7027	-1.40
7028	-1.40
7029	-1.42
7030	-1.70
7032	-1.40
7033	-1.81
7034	-4.45
7035	-1.40
7036	-1.40
7038	-1.40
7047	-1.40
7049	-1.40
7052	-1.72
7055	-1.40
7058	-1.40
7059	-1.40
7060	-1.40
7076	-0.75
7080	-1.49
7082	-1.40
7089	-1.40
7092	-1.40
7187	-1.40
7188	-1.44
7190	-0.69
7192	-1.40
7193	-1.40
7196	-1.40
7197	-1.40
7198	-1.40
7199	-1.40
7200	-1.40
7201	-8.50
7202	-1.40
7203	-1.40
7204	-1.40
7205	-1.40
7210	-1.40
7212	-1.40
7214	-1.40
7218	-3.05
7223	-1.40
7224	-1.40
7225	-1.40
7238	-1.40
7255	-1.40
7256	-1.40
7257	-1.40
7258	-1.40
7266	-1.40
7287	-1.40
7355	-0.47
7356	-1.40
7357	-1.97
7358	-1.40
7359	-1.70
7360	-1.40
7362	-1.40
7363	-1.40
7364	-1.35
7365	-1.40
7366	-1.41
7367	-1.40
7368	-1.40
7369	-1.20
7370	-1.40
7371	-1.40
7372	-1.40
7373	-1.27
7375	-1.40
7378	-1.40
7380	-1.40
7383	-1.40
7385	-1.40
7388	-1.40
7400	-1.40
7408	-1.40
7415	-1.40
7427	-1.40
7433	-1.84
7435	-1.40
7436	-1.40
7437	-1.40
7438	-2.14
7445	-1.40
7533	-1.40
7537	-1.40
7538	-1.52
7539	-1.45
7540	-1.40
7541	-1.40
7542	-1.40
7544	-1.45
7545	-1.49
7546	-1.40
7547	-1.40
7548	-1.40
7549	-1.40
7550	-1.40
7555	-1.40
7557	-1.40
7558	-1.40
7571	-1.40
7572	-1.40
7573	-1.40
7574	-1.40
7589	-1.48
7593	-1.40
7601	-1.48
7604	-2.88
7623	-1.40
7700	-1.40
7701	-1.40
7702	-1.40
7704	-1.14
7705	-1.40
7706	-0.98
7707	-1.40
7709	-1.40
7710	-1.40
7711	-1.40
7712	-1.40
7713	-1.40
7714	-1.40
7715	-1.40
7716	-1.40
7717	-1.58
7718	-1.40
7719	-1.40
7720	-1.40
7722	-1.58
7729	-1.40
7730	-1.36
7739	-1.17
7741	-1.40
7742	-1.40
7744	-1.40
7745	-1.40
7766	-1.40
7770	-1.40
7773	-1.40
7774	-1.40
7775	-1.40
7779	-1.40
7782	-1.40
7785	-1.40
7810	-1.40
7812	-1.40
7876	-1.40
7877	-1.40
7878	-1.31
7879	-2.08
7881	-1.40
7883	-1.40
7884	-1.09
7886	-1.40
7887	-1.40
7888	-1.40
7889	-1.18
7892	-1.40
7894	-1.40
7897	-1.40
7906	-1.40
7913	-1.53
7918	-1.40
7919	-1.40
7929	-1.40
7935	-1.40
7961	-1.40
7966	-1.40
7977	-1.40
7980	-1.40
8043	-1.40
8044	-1.40
8046	-1.40
8047	-1.40
8049	-1.15
8050	-1.40
8051	-1.40
8052	-1.35
8053	-2.04
8054	-1.40
8055	-1.40
8056	-1.07
8057	-1.40
8058	-1.40
8059	-1.40
8060	-1.40
8062	-1.40
8067	-1.40
8070	-1.15
8072	-1.40
8074	-1.40
8092	-1.40
8102	-1.90
8103	-1.40
8111	-1.42
8116	-1.40
8118	-1.40
8120	-1.40
8121	-1.40
8122	-1.40
8124	-1.40
8144	-1.40
8222	-1.40
8223	-1.40
8224	-1.93
8225	-1.17
8227	-1.40
8228	-1.40
8229	-1.40
8230	-1.40
8231	-1.40
8232	-1.40
8233	-1.40
8234	-1.51
8235	-1.40
8236	-1.40
8237	-1.40
8238	-1.40
8241	-1.40
8242	-1.40
8244	-1.32
8264	-1.40
8265	-1.40
8271	-1.40
8274	-1.40
8280	-1.40
8281	-1.40
8292	-1.40
8295	-1.40
8322	-1.40
8388	-1.40
8390	-1.40
8391	-1.40
8392	-1.40
8393	-1.40
8394	-1.40
8395	-1.40
8396	-1.28
8397	-1.40
8398	-1.40
8399	-1.40
8400	-1.40
8401	-1.40
8402	-1.40
8403	-1.40
8404	-1.40
8405	-1.32
8407	-1.40
8418	-1.40
8420	-1.40
8432	-1.40
8434	-1.40
8435	-1.40
8436	-1.23
8446	-1.40
8447	-1.40
8449	-1.40
8452	-1.40
8454	-1.40
8455	-1.40
8457	-1.40
8462	-1.40
8467	-1.41
8469	-1.40
8470	-1.40
8482	-1.40
8485	-1.40
8499	-1.40
8564	-1.40
8566	-15.00
8568	-1.40
8569	-1.40
8570	-1.39
8571	-1.40
8572	-1.20
8573	-1.40
8574	-1.40
8575	-1.40
8576	-1.40
8577	-1.48
8578	-1.40
8579	-1.40
8581	-1.40
8591	-1.50
8599	-1.26
8603	-1.40
8615	-1.40
8618	-1.40
8624	-1.40
8626	-1.40
8648	-1.40
8650	-1.40
8652	-1.38
8664	-1.91
8684	-1.40
8760	-1.40
8761	-1.40
8762	-1.40
8763	-1.40
8764	-1.40
8765	-1.40
8766	-1.40
8767	-1.26
8768	-1.40
8769	-1.40
8770	-1.40
8771	-1.40
8773	-1.40
8774	-1.40
8775	-1.40
8776	-1.40
8777	-1.40
8778	-1.40
8779	-1.40
8781	-1.40
8796	-1.40
8799	-1.40
8815	-1.40
8820	-1.40
8832	-1.40
8846	-1.40
8932	-1.40
8933	-1.40
8934	-1.40
8935	-1.40
8936	-1.40
8937	-1.21
8938	-1.40
8939	-1.40
8940	-1.40
8942	-1.40
8943	-1.69
8944	-1.53
8946	-1.40
8948	-1.40
8949	-1.18
8950	-1.40
8953	-1.40
8955	-1.40
8969	-1.40
8975	-1.40
8980	-1.54
8990	-1.40
8992	-1.40
9009	-1.40
9071	-1.40
9072	-1.40
9073	-1.40
9074	-1.40
9075	-1.40
9076	-1.40
9077	-1.40
9079	-1.40
9082	-1.40
9083	-1.40
9085	-1.40
9086	-1.40
9088	-1.40
9089	-1.40
9092	-1.40
9116	-13.86
9120	-1.40
9154	-1.40
9225	-1.40
9227	-1.40
9228	-1.40
9229	-1.40
9230	-1.40
9231	-1.30
9232	-1.40
9235	-1.54
9237	-1.40
9238	-1.40
9240	-1.40
9241	-1.40
9242	-1.40
9244	-1.40
9251	-1.40
9256	-1.40
9258	-1.40
9259	-1.40
9268	-1.40
9271	-1.40
9273	-1.40
9367	-1.40
9368	-1.40
9369	-1.40
9370	-2.21
9371	-1.40
9372	-1.40
9373	-1.40
9374	-1.40
9375	-1.40
9376	-1.40
9377	-1.40
9378	-1.40
9379	-1.40
9380	-1.40
9381	-1.40
9383	-1.40
9384	-1.40
9385	-1.40
9386	-1.40
9387	-1.40
9388	-1.40
9409	-1.40
9424	-1.40
9425	-1.40
9441	-1.40
9442	-1.40
9519	-1.40
9521	-0.70
9523	-8.01
9524	-1.40
9525	-1.40
9526	-1.10
9527	-1.40
9528	-1.40
9529	-1.72
9530	-1.40
9531	-1.40
9533	-1.40
9534	-1.40
9550	-1.40
9551	-1.40
9553	-1.40
9578	-1.40
9667	-1.36
9668	-1.40
9670	-1.40
9671	-1.40
9674	-1.40
9675	-1.40
9676	-1.40
9677	-107.22
9678	-1.40
9679	-1.40
9680	-1.40
9694	-1.40
9728	-1.40
9811	-1.40
9812	-1.40
9813	-1.40
9814	-1.40
9818	-1.40
9820	-1.40
9823	-1.40
9842	-1.40
9957	-1.40
9958	-1.40
9959	-1.40
9960	-1.40
9961	-1.40
9964	-1.40
9968	-1.40
9972	-2.71
9976	-1.40
9988	-1.40
10000	-1.40
10001	-1.40
10009	-1.40
10116	-1.40
10129	-1.40
10135	-1.40
10150	-1.40
10273	-1.40
10315	-1.40
10327	-1.40
10450	-1.40
10451	-1.40
10452	-1.40
10494	-1.40
10568	-1.40
10569	-1.40
10570	-1.40
10572	-1.40
10592	-1.40
10672	-1.40
10673	-1.40
10674	-1.40
10675	-1.40
10678	-1.40
10701	-1.40
10704	-1.40
10724	-1.40
10770	-1.40
10771	-1.40
10772	-1.40
10773	-1.40
10776	-1.40
10777	-1.40
10799	-1.40
10801	-1.40
10867	-1.40
10868	-1.40
10870	-1.40
10871	-1.40
10872	-1.40
10879	-1.40
10887	-1.40
10892	-1.40
10960	-1.40
10961	-1.40
10962	-1.40
10963	-1.40
11059	-1.40
11061	-1.40
11062	-1.40
11095	-1.40
11150	-1.40
11153	-1.40
11155	-1.40
11162	-1.40
11259	-1.40
11261	-1.40
11262	-1.40
13739	-1.40
13740	-1.40
13933	-1.40
14014	-1.40
14073	-1.40
14099	-1.40
14143	-1.40
14154	-1.40
14224	-1.40
14287	-1.40
14580	-1.40
14720	-1.40
14721	-1.40
14790	-1.40
14796	-1.40
14800	-1.40
14806	-1.40
14807	-1.40
14809	-1.40
14810	-1.40
14875	-1.40
14876	-1.40
14877	-1.40
14878	-1.40
14884	-1.40
14887	-1.40
14894	-1.40
14897	-1.40
14964	-1.40
14983	-1.40
14985	-1.40
14998	-1.40
15053	-1.40
15056	-1.40
15075	-1.40
15076	-1.40
15077	-1.40
15078	-1.40
15079	-1.40
15087	-1.40
15089	-1.40
15143	-1.40
15147	-1.40
15162	-1.40
15167	-1.40
15258	-1.40
15259	-1.40
15354	-1.40
15357	-1.40
15444	-1.40
15445	-1.40
15448	-1.40
15451	-1.40
15452	-1.40
15541	-1.40
15542	-1.40
15627	-1.40
15719	-1.40
15720	-1.40
15721	-1.40
15788	-1.40
15812	-1.40
15813	-1.40
15902	-1.40
15903	-1.40
15994	-1.40
16258	-1.40
16356	-1.40
16433	-1.40
16514	-1.40
16515	-1.40
16526	-1.40
16754	-1.40
16766	-1.40
16779	-1.40
16828	-1.40
16844	-1.40
16845	-1.40
16857	-1.40
16924	-1.40
16930	-1.40
16937	-1.40
16938	-1.40
16987	-1.40
16995	-1.40
17018	-1.40
17078	-1.40
17155	-1.40
17222	-1.40
17417	-1.40
17461	-1.40
17560	-1.40
17629	-1.40
17651	-1.40
17656	-1.40
17663	-1.40
17713	-1.40
17723	-1.40
17726	-1.40
17727	-1.40
17728	-1.40
17740	-1.40
17792	-1.40
17811	-1.40
17812	-1.40
17820	-1.40
17823	-1.40
17892	-1.40
17957	-1.40
17976	-1.40
17980	-1.40
17984	-1.40
17985	-1.40
17988	-1.40
18037	-1.40
18056	-1.40
18062	-1.40
18063	-1.40
18136	-1.40
18143	-1.40
18144	-1.40
18147	-1.40
18148	-1.40
18217	-1.40
18225	-1.40
18284	-1.40
18296	-1.40
18304	-1.40
18370	-1.40
18372	-1.40
18427	-1.40
18430	-1.40
18433	-1.40
18448	-1.40
18449	-1.40
18450	-1.40
18451	-1.40
18507	-1.40
18520	-1.40
18525	-1.40
18528	-1.40
18580	-1.40
18581	-1.40
18652	-1.40
18677	-1.40
18723	-1.40
18725	-1.40
18730	-1.40
18734	-1.40
18794	-1.40
18798	-1.40
18800	-1.40
18865	-1.40
18866	-1.40
18868	-1.40
18869	-1.40
18871	-1.40
18875	-1.40
18929	-1.40
18930	-1.40
18931	-1.40
18932	-1.40
18933	-1.40
18934	-1.40
18935	-1.40
18936	-1.40
18937	-1.40
18994	-1.40
18996	-1.40
18997	-1.40
18998	-1.40
18999	-1.40
19001	-1.40
19054	-1.40
19055	-1.40
19056	-1.40
20087	-1.40
20128	-1.40
20131	-1.40
20184	-1.40
20186	-1.40
20199	-1.40
20201	-1.40
20202	-2.00
20250	-1.40
20251	-1.40
20254	-1.40
20261	-1.40
20263	-1.40
20264	-1.40
20265	-1.40
20267	-1.40
20269	0.00
20270	-1.40
20315	-1.40
20317	-2.21
20319	0.00
20320	-1.48
20323	-1.40
20326	-1.40
20327	-1.40
20330	-2.53
20334	0.00
20335	-1.40
20336	-1.40
20385	-1.40
20389	-1.40
20392	-1.54
20394	-1.40
20395	-1.40
20396	-1.40
20397	-1.08
20398	-1.40
20399	-1.40
20401	-1.86
20405	-1.40
20406	-1.40
20408	-1.40
20410	-1.40
20453	-0.70
20455	-1.40
20456	-1.40
20459	-2.20
20461	-1.40
20464	-1.40
20478	-1.40
20520	-1.40
20522	-1.40
20523	-1.40
20524	-1.40
20534	-1.40
20539	-1.40
20588	-0.96
20591	-1.40
20592	-1.80
20596	-1.67
20598	-1.40
20618	-1.40
20621	-1.40
20660	-1.40
20661	-1.40
20662	-1.95
20663	-2.66
20664	-1.40
20667	-1.40
20673	-1.40
20683	-1.40
20685	-1.40
20687	-1.40
20688	-1.40
20689	-1.40
20691	-1.40
20692	-1.40
20695	-1.40
20704	-1.40
20725	-1.40
20726	-1.40
20727	-1.40
20728	-1.40
20730	-1.40
20731	-1.40
20733	-1.40
20735	-1.40
20736	-1.40
20737	-1.40
20743	-1.40
20748	-1.40
20750	-1.40
20759	-1.40
20760	-1.40
20761	-1.40
20774	-1.40
20796	-1.40
20797	-1.40
20802	-1.40
20803	-1.37
20805	-1.40
20806	-2.25
20808	-2.10
20810	-1.40
20824	-1.40
20832	-1.40
20835	-1.40
20837	-1.40
20839	-1.40
20842	-1.40
20867	-0.65
20868	-1.40
20871	-0.70
20872	-1.40
20873	-1.40
20874	-1.40
20875	-1.40
20883	-1.40
20884	-1.40
20900	-1.40
20903	-1.40
20910	-1.40
20936	-1.40
20940	-1.45
20942	-1.40
20943	-3.77
20944	-2.10
20945	-1.40
20947	-1.40
20948	-1.40
20949	-1.40
20950	-1.06
20957	-1.40
20963	-1.40
21007	-1.40
21008	-1.40
21011	-1.40
21013	-1.40
21014	-1.40
21016	-1.40
21017	-1.40
21018	-1.40
21019	-1.40
21020	-1.40
21021	-1.40
21022	-1.40
21028	-1.40
21032	-1.40
21051	-1.40
21078	-1.40
21079	-1.40
21081	-0.70
21086	-1.40
21088	-1.54
21089	-1.40
21093	-1.03
21097	-1.40
21101	-1.40
21106	-1.40
21149	-1.40
21150	-0.76
21152	-1.40
21153	-1.40
21154	-1.40
21156	-0.89
21158	-1.40
21161	-1.40
21162	-1.40
21163	-1.40
21164	-1.40
21165	-1.40
21166	-1.40
21167	-1.40
21172	-1.40
21191	-1.40
21224	-1.40
21229	-2.47
21230	-3.30
21231	-9.28
21234	-1.40
21235	-1.29
21236	0.00
21238	-1.40
21239	-1.40
21241	-1.40
21242	-1.40
21243	-1.40
21244	-1.40
21246	-1.40
21249	-2.01
21250	-1.40
21252	-1.40
21262	-1.40
21263	-1.40
21265	-1.40
21275	-1.40
21277	-1.40
21278	-1.40
21279	-1.40
21281	-1.40
21309	-1.40
21310	-1.40
21312	-1.40
21314	-3.00
21318	-1.40
21320	-2.05
21322	-1.40
21323	-1.40
21325	-1.40
21326	-1.40
21327	-1.17
21328	-2.32
21329	-1.40
21331	-1.40
21333	-1.40
21334	-1.64
21336	-1.40
21339	-1.40
21341	-1.40
21345	-1.40
21364	-1.40
21394	-1.40
21395	-1.40
21400	-1.40
21401	-1.08
21406	-1.42
21407	-1.40
21408	-1.40
21409	-1.40
21411	-1.40
21416	-1.40
21417	-1.33
21418	-5.08
21424	-1.40
21425	-1.40
21426	-1.40
21451	-1.40
21452	-1.40
21481	-1.40
21483	-1.40
21485	-1.40
21486	-1.40
21489	-1.00
21493	-1.40
21494	-1.40
21495	-1.92
21496	-1.40
21497	-1.40
21498	-1.40
21499	-1.40
21500	-1.40
21501	-1.40
21502	-2.41
21505	-2.12
21506	-1.40
21507	-1.40
21508	-1.40
21510	-1.40
21512	-1.40
21514	-1.40
21518	-1.40
21527	-1.40
21570	-1.16
21571	-1.40
21572	-1.83
21573	-1.40
21574	-1.40
21576	-1.40
21579	-1.40
21582	-1.40
21583	-1.40
21584	-1.40
21586	-1.40
21587	-1.58
21588	-1.40
21589	-1.40
21591	-1.40
21592	-1.40
21593	-1.40
21595	-1.40
21597	-2.89
21601	-1.40
21602	-1.40
21603	-1.40
21605	-1.40
21606	-1.40
21608	-1.40
21641	-1.40
21661	-1.40
21663	-1.40
21665	-1.40
21669	-1.18
21674	-1.40
21676	-1.24
21678	-1.40
21679	-1.40
21681	-1.40
21682	-0.70
21684	-1.40
21685	-1.68
21689	-1.31
21692	-1.40
21694	-1.56
21696	-1.40
21700	-1.40
21703	-1.40
21752	-1.40
21754	-1.40
21758	-1.40
21761	-1.84
21764	-1.40
21767	-1.40
21768	-1.40
21769	-1.39
21770	-1.40
21772	-1.40
21773	-1.40
21775	-1.40
21781	-3.26
21783	-1.40
21786	-1.23
21787	-1.40
21788	-1.40
21790	-1.40
21792	-1.40
21793	-1.40
21799	-1.40
21848	0.00
21850	-2.82
21859	-1.40
21860	-1.19
21861	-1.40
21862	-1.40
21863	-1.40
21864	-1.40
21866	-1.40
21867	-1.40
21868	-1.40
21869	-1.40
21870	-1.40
21871	-1.40
21873	0.00
21874	-3.14
21877	-1.40
21880	-1.40
21881	-1.40
21894	-1.40
21936	-1.40
21946	-1.40
21949	-1.59
21950	-1.40
21952	-1.40
21953	-1.40
21957	-1.40
21958	-1.40
21960	-1.40
21961	-2.79
21962	-1.40
21964	-0.84
21965	-1.40
21967	-1.40
21968	-1.40
21970	-1.40
21971	-1.26
21972	-1.40
21976	-1.40
21978	-3.12
21979	-1.40
21980	-1.40
21982	-1.40
21983	-1.40
21988	-1.40
22031	-0.78
22037	-1.41
22041	-1.40
22042	-1.40
22043	-1.40
22044	-1.40
22045	-1.40
22047	-1.40
22048	-1.40
22049	-1.40
22051	-1.20
22052	-1.37
22054	-1.40
22055	-1.40
22059	-1.27
22066	-1.89
22067	-1.40
22069	-1.40
22070	-1.40
22071	-1.40
22072	-1.40
22073	-1.97
22075	-1.40
22077	-2.13
22079	-1.40
22122	-1.40
22128	-1.00
22133	-1.40
22135	-1.40
22136	-1.40
22137	-1.40
22138	-1.78
22141	-1.40
22142	-1.40
22148	-1.40
22151	-1.40
22157	-1.40
22158	-1.26
22160	-1.40
22166	-1.40
22167	-1.40
22170	-1.40
22171	-1.40
22215	-1.08
22220	-0.88
22227	-1.40
22228	-1.40
22229	-1.40
22230	-1.40
22233	-1.40
22241	-2.61
22243	-1.40
22245	-1.40
22247	-1.40
22249	-1.40
22250	-2.29
22251	-2.02
22253	-1.40
22254	-1.40
22256	-1.40
22257	-1.40
22258	-1.40
22259	-2.18
22262	-1.40
22263	-1.40
22264	-1.40
22307	-0.72
22308	-1.40
22314	-1.40
22316	-1.40
22318	-1.40
22319	-1.40
22320	-0.72
22323	-1.40
22325	-1.40
22326	-1.40
22327	-1.40
22328	-1.40
22329	-1.40
22332	-1.40
22334	-1.40
22338	-1.40
22339	-1.40
22340	-1.40
22341	-1.48
22343	-1.40
22345	-0.86
22347	-1.40
22349	-1.40
22350	-1.40
22351	-1.40
22353	-1.97
22398	-1.40
22399	-1.00
22407	-1.40
22409	-1.40
22411	-1.40
22412	-0.83
22414	-1.40
22415	-1.40
22417	-1.40
22418	-1.96
22419	-1.73
22422	-1.40
22428	-1.63
22430	-1.40
22433	-1.40
22434	-1.40
22435	-1.19
22438	-1.40
22439	-1.40
22440	-1.40
22441	-1.40
22442	-1.40
22443	-1.40
22444	-1.18
22445	-2.16
22447	-1.40
22498	-1.40
22499	-1.40
22504	-1.40
22506	-1.40
22508	-1.40
22509	-1.40
22510	-1.40
22513	-1.40
22514	-1.40
22515	-1.27
22519	-4.43
22521	-1.40
22522	-1.40
22523	-1.40
22525	-1.08
22530	-1.40
22531	-1.40
22535	-1.03
22538	-1.45
22590	-1.40
22591	-1.40
22592	-1.09
22593	-1.40
22594	-1.40
22596	-1.40
22598	-1.40
22599	-1.40
22600	-1.40
22602	-1.40
22603	-1.40
22604	-1.40
22605	-1.40
22606	-1.40
22608	-0.70
22612	-1.26
22613	-1.40
22615	-1.40
22617	-1.40
22619	-1.40
22620	-1.40
22622	-1.40
22625	-1.40
22626	-1.40
22627	-1.40
22629	-1.40
22680	-1.29
22682	-1.40
22684	-1.40
22685	-1.40
22686	-1.74
22687	-1.40
22688	-1.40
22690	-1.40
22691	-1.40
22693	-1.40
22694	-1.40
22695	-1.40
22697	-1.08
22703	-2.27
22706	-1.40
22708	-1.40
22710	-1.40
22711	-1.40
22713	-1.40
22715	-1.40
22716	-1.40
22719	-1.40
22765	-1.40
22768	-1.40
22769	-1.40
22772	-1.58
22773	-1.40
22776	-1.40
22777	-0.89
22778	-1.40
22781	-1.40
22782	-1.40
22787	-1.40
22792	-1.40
22793	-1.40
22795	-1.43
22796	-1.40
22798	-1.40
22799	-0.99
22800	-1.40
22801	-1.40
22802	-1.50
22803	-1.40
22805	-1.40
22806	-1.40
22849	-1.40
22851	-1.40
22852	-1.40
22853	-0.70
22854	-1.40
22856	-1.40
22857	-1.36
22858	-1.40
22860	-1.25
22862	-1.40
22864	-0.95
22866	-1.40
22868	-1.40
22869	-4.14
22871	-2.34
22872	-2.78
22875	-1.18
22878	-1.85
22879	-1.40
22881	-1.40
22882	-1.46
22884	-1.40
22885	-1.40
22886	-1.57
22887	-1.42
22888	-1.40
22891	-1.40
22892	-1.40
22934	-1.40
22940	-1.40
22941	-1.40
22942	-1.40
22943	-1.40
22944	-1.40
22945	-1.40
22946	-1.31
22948	-1.40
22949	-1.40
22950	-1.40
22951	-2.83
22952	-1.40
22953	-1.40
22961	-1.40
22964	-1.69
22965	-1.40
22968	-1.21
22970	-1.01
22973	-1.40
22975	-1.81
22976	-1.40
22977	-1.52
22991	-1.40
23017	-1.40
23018	-0.99
23020	-1.40
23021	-1.42
23022	-1.40
23025	-1.28
23026	-1.40
23028	-1.40
23030	-1.40
23031	-1.40
23032	-1.40
23033	-1.40
23034	-1.40
23037	-1.40
23038	-2.42
23040	-1.40
23042	-1.90
23043	-1.40
23046	-1.40
23047	-1.40
23049	-1.40
23052	-1.40
23053	-1.40
23054	-1.40
23057	-1.40
23060	-1.40
23073	-1.40
23101	-1.40
23102	-1.40
23104	-1.96
23105	-1.40
23106	-1.40
23108	-1.40
23109	-1.40
23111	-1.40
23112	-1.23
23114	-1.40
23115	-1.40
23118	-1.40
23122	-1.40
23124	-1.20
23126	-1.40
23127	-1.40
23132	-1.40
23134	-1.40
23135	-1.40
23136	-1.40
23138	-1.40
23140	-1.77
23141	-1.40
23142	-1.40
23182	-1.40
23184	-1.40
23187	-1.40
23188	-1.40
23189	-1.40
23190	-1.40
23192	-1.40
23193	-1.40
23194	-1.40
23195	-1.40
23201	-1.40
23202	-1.52
23204	-0.65
23205	-1.40
23208	-1.40
23209	-1.40
23210	-1.40
23218	-1.40
23219	-1.40
23222	-1.40
23223	-1.40
23262	-1.40
23263	-1.40
23265	-1.40
23266	-1.40
23269	-1.40
23271	-1.40
23273	-1.40
23274	-1.40
23275	-1.40
23276	-1.40
23277	-1.40
23278	-1.40
23282	0.00
23283	-1.40
23289	-2.48
23290	-1.40
23292	-1.40
23293	-1.40
23295	-1.40
23296	-1.40
23297	-1.40
23299	-1.40
23301	-1.40
23302	-1.40
23343	-1.40
23344	-1.40
23346	-1.40
23349	-1.13
23350	-1.40
23351	-1.40
23352	-1.40
23353	-1.40
23354	-1.40
23355	-1.40
23356	-1.40
23357	-1.40
23361	-1.40
23362	-1.40
23364	-1.98
23367	-2.03
23376	-1.96
23379	-1.40
23380	-1.40
23381	-1.40
23382	-1.40
23422	-1.28
23423	-1.40
23424	-1.40
23425	-1.40
23426	-2.35
23428	-1.40
23430	-0.75
23434	-1.40
23437	-1.40
23443	-1.20
23444	-1.40
23445	-1.14
23448	-1.40
23449	-1.40
23450	-1.40
23452	-1.40
23454	-1.40
23457	-1.53
23458	-1.40
23460	-1.40
23462	-0.85
23501	-1.13
23504	-1.40
23506	-1.40
23507	-0.89
23508	-0.66
23513	-1.40
23514	-1.40
23522	-1.40
23525	-1.40
23526	-1.40
23528	-1.40
23530	-1.40
23532	-1.40
23535	-1.40
23538	-2.58
23540	-1.40
23581	-1.40
23582	-1.40
23585	-1.40
23591	-1.40
23592	-1.40
23593	-1.85
23594	-1.40
23595	-1.40
23599	-1.40
23607	-1.40
23608	-1.40
23610	-1.40
23611	-1.40
23615	-1.40
23617	-1.40
23619	-1.40
23630	-1.40
23660	-1.40
23661	-1.40
23662	-1.40
23663	-2.05
23664	-1.40
23671	-1.40
23673	-1.40
23674	-1.40
23675	-1.40
23681	-1.40
23683	-1.40
23686	-1.40
23689	-1.40
23690	-1.40
23693	-1.40
23697	-1.40
23738	-1.40
23742	-1.40
23743	-1.40
23744	-1.40
23745	-1.40
23746	-1.40
23747	-1.13
23751	-1.93
23754	-1.40
23755	-1.81
23758	-1.45
23766	-1.40
23768	-1.40
23771	-1.40
23774	-1.40
23777	-1.40
23778	-1.40
23821	-1.40
23824	-1.40
23826	-1.40
23827	-0.36
23828	-1.29
23833	-1.40
23835	-1.40
23836	-0.93
23837	-1.40
23839	-1.40
23845	-1.40
23847	-1.19
23849	-1.27
23850	-0.80
23853	-1.40
23857	-1.40
23899	-1.40
23902	-1.40
23903	-0.96
23905	-1.40
23906	-1.40
23909	-1.22
23912	-1.40
23915	-1.40
23922	-1.40
23927	-1.40
23928	-1.40
23930	-1.40
23931	-1.40
23932	-1.40
23933	-1.40
23935	-1.40
23937	-1.40
23938	-1.40
23940	-1.40
23981	-2.55
23983	-1.40
23984	-1.78
23987	-1.40
23989	-1.49
23990	-0.70
23991	-1.40
23997	-1.45
24000	-1.40
24008	-1.40
24009	-1.40
24010	-1.40
24011	-1.40
24012	-1.40
24016	-1.40
24019	-1.40
24062	-1.40
24064	-1.40
24069	-1.73
24070	-1.40
24071	-1.40
24072	-1.40
24073	-1.40
24075	-2.61
24076	-1.40
24078	-1.40
24083	-1.65
24087	-1.51
24090	-1.40
24091	-1.40
24093	-1.40
24095	-1.40
24098	-2.31
24099	-1.40
24143	-2.02
24145	-1.40
24147	-1.40
24151	-1.40
24153	-1.40
24154	-1.40
24155	-1.40
24157	-1.40
24158	-1.40
24159	-1.40
24160	-1.40
24165	-1.40
24167	-1.52
24170	-1.40
24171	-1.40
24174	-1.40
24175	-1.40
24176	-1.40
24177	-1.40
24225	-1.40
24230	-2.32
24236	-1.40
24239	-1.26
24241	-2.01
24243	-1.40
24244	-1.44
24247	-1.18
24248	-1.40
24252	-1.40
24255	-1.40
24257	-1.40
24260	-1.40
24271	-1.40
24303	-1.40
24310	-1.40
24316	-4.73
24317	-1.40
24318	-1.23
24322	-1.28
24323	-1.41
24324	-1.40
24338	-1.40
24339	-1.68
24343	-1.32
24385	-1.40
24386	-1.40
24387	-1.40
24389	-2.25
24390	-1.40
24393	-1.40
24395	-1.40
24400	-1.40
24402	-1.40
24403	-1.40
24404	-1.40
24405	-1.41
24406	-1.40
24407	-1.40
24408	-1.40
24417	-1.40
24420	-1.40
24422	-1.40
24424	-1.40
24429	-1.40
24466	-0.69
24468	-0.95
24472	-1.40
24473	-2.25
24474	-1.40
24475	-1.40
24478	-1.40
24481	-1.40
24483	-3.87
24486	-1.40
24488	-1.40
24490	-1.40
24494	-1.40
24495	-1.40
24499	-1.40
24504	-1.40
24507	-2.88
24550	-0.07
24553	-1.40
24555	-1.40
24559	-1.29
24560	-1.40
24561	-0.94
24564	-1.40
24566	-1.40
24567	-1.40
24570	-1.18
24575	-1.40
24576	-1.40
24584	-1.40
24586	-0.60
24633	-1.34
24634	-1.40
24637	-1.06
24640	-1.40
24641	-1.40
24642	-1.40
24643	-0.93
24645	-1.40
24646	-1.40
24651	-1.40
24656	-0.60
24660	-1.40
24661	-3.33
24713	-1.40
24714	-1.40
24716	-1.40
24720	-1.40
24722	-1.40
24723	-1.40
24724	-1.40
24728	-1.40
24729	-1.34
24731	-1.27
24733	-1.40
24736	-1.40
24743	-1.40
24744	-0.96
24745	-1.40
24794	-1.40
24795	-1.64
24798	-1.40
24799	-1.40
24802	-0.69
24803	-1.40
24804	-1.09
24806	-1.40
24815	-1.40
24816	-1.40
24868	-1.40
24869	-1.40
24872	-1.40
24876	-1.40
24883	-1.40
24885	-1.40
24887	-0.97
24890	-1.40
24945	-1.40
24947	-1.40
24949	-11.48
24954	-1.40
24955	-1.40
24957	-1.40
24958	-1.40
24960	-1.40
24963	-1.02
24968	-1.40
24969	-1.40
25028	-1.40
25033	-1.40
25035	-1.40
25037	-1.40
25039	-1.40
25044	-1.20
25046	-1.34
25047	-3.20
25094	-1.84
25097	-22.24
25100	-1.63
25101	-1.40
25102	-1.40
25103	-1.40
25105	-1.40
25109	-1.40
25110	-0.78
25114	-1.40
25116	-1.40
25168	-1.40
25171	-1.40
25173	-1.40
25176	-1.40
25183	-1.40
25241	-1.40
25243	-0.74
25245	-1.40
25246	-1.40
25247	-0.47
25249	-1.40
25253	-1.40
25254	-1.40
25256	-1.40
25320	-1.40
25321	-1.40
25322	-1.40
25328	-1.40
25335	-1.40
25384	-1.40
25386	-1.40
25387	-1.40
25390	-1.40
25391	-1.40
25394	-1.40
25395	-1.40
25397	-1.40
25398	-1.40
25406	-4.32
25448	-2.04
25461	-1.40
25462	-1.40
25508	-1.40
25513	-1.40
25514	-1.40
25515	-1.40
25516	-1.40
25521	-1.40
25542	-1.27
25543	-1.40
25545	-1.40
25550	-1.40
25552	-1.40
25579	-1.40
32294	-1.40
32337	-1.40
32390	-1.40
32395	-1.40
32402	-1.40
32405	-1.40
32470	-1.40
32473	-1.40
32474	-1.40
32521	-1.40
32532	-2.25
32533	-1.40
32537	-1.67
32539	-1.40
32591	-1.40
32599	-1.40
32610	-1.40
32613	-1.40
32661	-1.25
32663	-1.40
32726	-1.40
32727	-1.40
32728	-1.40
32733	-1.40
32746	-1.40
32796	-1.40
32801	-1.40
32802	-1.85
32812	-1.40
32815	-1.40
32817	-1.40
32823	-1.40
32866	-1.89
32867	-1.40
32870	-1.40
32886	-1.40
32892	-1.40
32893	-1.40
32929	-1.40
32931	-1.40
32932	-1.40
32933	-1.40
32938	-1.66
32947	-1.40
32965	-1.40
33002	-1.40
33008	-1.40
33009	-1.66
33011	-1.40
33021	-1.40
33071	-1.40
33072	-1.40
33073	-1.40
33074	-1.40
33077	-2.44
33080	-1.40
33081	-1.40
33084	-1.40
33097	-1.40
33103	-1.40
33145	-1.40
33153	-1.40
33169	-1.40
33211	-0.88
33216	-1.40
33224	-1.40
33226	-1.40
33288	-1.05
33293	-1.40
33294	-1.40
33297	-1.40
33306	-1.40
33311	-1.40
33313	-1.40
33357	-1.40
33361	-1.40
33369	-1.40
33434	-1.40
33436	-1.40
33440	-1.40
33442	-1.40
33443	-1.40
33445	-1.40
33449	-1.40
33451	-1.40
33454	-1.40
33455	-1.85
33523	-1.40
33525	-1.40
33526	-1.40
33533	-1.40
33534	-1.40
33539	-1.40
33544	-1.40
33569	-1.40
33606	-1.40
33610	-1.40
33615	-1.40
33621	-1.40
33623	-3.30
33625	-1.40
33626	-3.05
33631	-1.40
33640	-1.40
33643	-1.40
33699	-1.40
33700	-1.40
33702	-1.40
33704	-1.40
33710	-1.40
33711	-1.40
33719	-1.40
33724	-1.40
33734	-1.40
33775	-1.40
33782	-1.40
33792	-1.40
33801	-1.40
33806	-1.40
33808	-0.91
33869	-1.40
33874	0.00
33879	-1.40
33883	-1.40
33887	-1.40
33889	-1.40
33892	-1.40
33894	-1.40
33896	-1.40
33901	-1.40
33904	-1.40
33961	-1.40
33966	-1.40
33971	-1.40
33972	-1.40
33986	-1.40
33991	-1.40
33993	-1.40
33999	-1.40
34066	-1.40
34071	-1.40
34073	-1.40
34079	-1.40
34086	-2.07
34101	-1.40
34145	-1.40
34147	-1.40
34155	-1.40
34157	-1.40
34159	-1.40
34162	-1.18
34164	-1.40
34171	-1.40
34172	-1.40
34174	-1.40
34178	-2.36
34190	-1.40
34242	-1.40
34243	-1.40
34247	-1.40
34249	-1.40
34250	-1.40
34253	-1.40
34254	-1.40
34255	-1.40
34256	-1.40
34264	-1.40
34283	-1.40
34284	-3.45
34342	-1.40
34345	-1.40
34349	-1.32
34355	-1.40
34361	-1.40
34420	-1.40
34429	-1.40
34431	-1.40
34432	-1.40
34433	-1.40
34439	-1.40
34440	-1.40
34445	-1.40
34449	-1.40
34522	-0.48
34524	-1.41
34525	-1.40
34528	-0.46
34530	-1.40
34531	-1.40
34533	-1.40
34537	-1.40
34559	-1.40
34611	-1.40
34614	-1.40
34623	-1.40
34629	-1.34
34633	-1.40
34639	-2.44
34642	-1.40
34700	-1.65
34703	-1.40
34704	-1.40
34705	-1.16
34718	-2.10
34719	-0.58
34726	-1.84
34733	-1.40
34737	-1.44
34794	-1.40
34795	-1.45
34797	-1.40
34804	-4.17
34808	-2.72
34809	-1.40
34826	-0.88
34834	-1.87
34887	-1.40
34895	-1.40
34901	-1.40
34904	-1.40
34909	-1.40
34910	-1.40
34971	-1.40
34975	-1.40
34992	-1.40
34997	-1.06
35004	-1.40
35054	-1.40
35055	-1.40
35058	-2.40
35065	-1.40
35070	-0.60
35071	-1.40
35075	-1.40
35081	-1.40
35082	-1.40
35145	-1.40
35146	-1.40
35147	-1.40
35149	-1.40
35157	-1.40
35178	-1.82
35180	-1.40
35182	-1.66
35197	-1.40
35225	-1.40
35228	-1.40
35230	-1.40
35232	-1.40
35234	-1.40
35243	-1.40
35250	-1.40
35307	-1.40
35310	-1.40
35311	-1.40
35316	-1.40
35323	-1.40
35325	-0.94
35395	-1.40
35402	-1.40
35407	-1.40
35408	-1.40
35410	-1.32
35413	-1.40
35470	-1.40
35473	-1.40
35476	-1.40
35480	-0.98
35482	-1.40
35492	-1.74
35548	-1.40
35549	-1.40
35551	-1.40
35552	-1.40
35553	-1.40
35554	-1.40
35558	-1.40
35559	-1.40
35587	-1.43
35633	-1.40
35634	-1.21
35635	-1.40
35639	-0.89
35713	-1.40
35715	-0.80
35718	-3.06
35744	-2.40
35791	-0.44
35793	-1.52
35797	-1.40
35798	-1.24
35804	-1.40
35868	-0.88
35877	-1.40
35879	-2.58
35945	-1.40
35946	-1.40
35949	-1.40
35950	-1.40
35955	-3.29
35957	-1.20
35971	-1.40
36024	-1.40
36028	-1.40
36034	-1.76
36038	-1.09
36040	-1.40
36041	-1.40
36062	-1.52
36111	-1.40
36118	-1.40
36121	-1.23
36186	-1.40
36188	-0.77
36189	-1.40
36196	-1.40
36197	-1.40
36199	-1.20
36213	-3.94
36217	-1.78
36223	-1.40
36274	-1.40
36276	-1.40
36277	-1.40
36359	-1.40
36360	-1.40
36370	-1.40
36430	-1.40
36437	-1.40
36439	-1.40
36465	-1.40
36528	-1.40
36593	-1.40
36601	-14.13
36603	-1.40
36610	-2.25
36614	-1.40
36674	-1.40
36682	-0.08
36684	-1.40
36692	-1.40
36754	-0.15
36758	-1.40
36760	-1.40
36771	-1.40
36774	-1.40
36775	-1.72
36782	-1.40
36844	-1.40
36846	-1.40
36854	-1.40
36861	-1.40
36866	-1.40
36923	-1.40
36924	-1.40
36926	-1.40
36934	-1.40
36936	-3.65
36999	-2.98
37012	-1.40
37023	-1.40
37072	-1.40
37074	-34.10
37086	-1.60
37095	-1.40
37152	-1.40
37156	-1.40
37159	-1.40
37163	-1.40
37174	-3.18
37224	-1.40
37232	-1.40
37233	-1.40
37236	-1.65
37269	-1.40
37307	-1.75
37308	-1.40
37319	-0.86
37379	-1.40
37388	-1.40
37401	-13.86
37452	-1.40
37455	-0.85
37461	-1.19
37473	-1.24
37521	-1.40
37535	-2.14
37545	-1.40
37595	-1.40
37600	-1.40
37775	-1.40
37779	-1.40
37785	-1.40
37786	-1.40
37943	-1.40
38153	-1.40