 1  1   1  1  0  0.25   0.010  0.050  0.350  0.15  3.5
 2  1   2  1  0  0.25   0.010  0.050  0.350  0.15  3.5         
 3  1   3  1  0  0.25   0.010  0.050  0.350  0.15  3.5
 4  1   4  1  0  0.25   0.010  0.050  0.350  0.15  3.5
 5  1   5  1  0  0.25   0.010  0.050  0.350  0.15  3.5
 6  1   6  1  0  0.25   0.010  0.050  0.350  0.15  3.5
 7  1   7  1  0  0.25   0.010  0.050  0.350  0.15  3.5
 8  1   8  1  0  0.25   0.010  0.050  0.350  0.15  3.5
 9  1   9  1  0  0.25   0.010  0.050  0.350  0.15  3.5
10  1  10  1  0  0.25   0.010  0.050  0.350  0.15  3.5
11  1  11  1  0  0.25   0.010  0.050  0.350  0.15  3.5
12  1  12  1  0  0.25   0.010  0.050  0.350  0.15  3.5
