1 0.0176870742 0.0000252082 0.4340000000 0.0500000000 0 0 0
2 0.0178583244 0.0000431634 0.4470000000 0.0500000000 0 0 0
3 0.0177371811 0.0000302296 0.8970000000 0.0500000000 0 0 0
4 0.0175681921 0.0000125788 0.6940000000 0.0500000000 0 0 0
5 0.0178727730 0.0000439242 0.8440000000 0.0500000000 0 0 0
6 0.0177082741 0.0000260705 1.1980000000 0.0500000000 0 0 0
7 0.0175271526 0.0000059343 1.1390000000 0.0500000000 0 0 0
8 0.0175081228 0.0000062894 1.1410000000 0.0500000000 0 0 0
9 0.0176184556 0.0000159263 0.7500000000 0.0500000000 0 0 0
10 0.0176054342 0.0000157742 1.1780000000 0.0500000000 0 0 0
11 0.0175179731 0.0000052242 0.4200000000 0.0500000000 0 0 0
12 0.0174561404 0.0000001014 0.5800000000 0.0500000000 0 0 0
