1 0.0001665631 0.0004924091 0.4340000000 0.0500000000 0 0 0
2 0.0001903988 0.0002490545 0.4470000000 0.0500000000 0 0 0
3 0.0001725017 0.0004282308 0.8970000000 0.0500000000 0 0 0
4 0.0001461973 0.0007047005 0.6940000000 0.0500000000 0 0 0
5 0.0001922815 0.0002318538 0.8440000000 0.0500000000 0 0 0
6 0.0001670901 0.0004796761 1.1980000000 0.0500000000 0 0 0
7 0.0001386895 0.0007074554 1.1390000000 0.0500000000 0 0 0
8 0.0001362266 0.0007713622 1.1410000000 0.0500000000 0 0 0
9 0.0001531867 0.0005778224 0.7500000000 0.0500000000 0 0 0
10 0.0001528065 0.0006107205 1.1780000000 0.0500000000 0 0 0
11 0.0001382885 0.0007111523 0.4200000000 0.0500000000 0 0 0
12 0.0001295140 0.0008210789 0.5800000000 0.0500000000 0 0 0
