1 0.0001695495 0.0007993845 0.4340000000 0.0500000000 0 0 0
2 0.0001913216 0.0003763617 0.4470000000 0.0500000000 0 0 0
3 0.0001749605 0.0006886420 0.8970000000 0.0500000000 0 0 0
4 0.0001506181 0.0011655128 0.6940000000 0.0500000000 0 0 0
5 0.0001930038 0.0003499877 0.8440000000 0.0500000000 0 0 0
6 0.0001698352 0.0007842785 1.1980000000 0.0500000000 0 0 0
7 0.0001445495 0.0011926331 1.1390000000 0.0500000000 0 0 0
8 0.0001417101 0.0012861091 1.1410000000 0.0500000000 0 0 0
9 0.0001577375 0.0009634502 0.7500000000 0.0500000000 0 0 0
10 0.0001571762 0.0010109031 1.1780000000 0.0500000000 0 0 0
11 0.0001442691 0.0011985536 0.4200000000 0.0500000000 0 0 0
12 0.0001358736 0.0013798743 0.5800000000 0.0500000000 0 0 0
