1 0.0000000000 0.0006101298 0.4340000000 0.0500000000 0 0 0
2 0.0000000000 0.0002581809 0.4470000000 0.0500000000 0 0 0
3 0.0000000000 0.0005190661 0.8970000000 0.0500000000 0 0 0
4 0.0000000000 0.0009244457 0.6940000000 0.0500000000 0 0 0
5 0.0000000000 0.0002403387 0.8440000000 0.0500000000 0 0 0
6 0.0000000000 0.0006086530 1.1980000000 0.0500000000 0 0 0
7 0.0000000000 0.0009474647 1.1390000000 0.0500000000 0 0 0
8 0.0000000000 0.0010228942 1.1410000000 0.0500000000 0 0 0
9 0.0000000000 0.0007536719 0.7500000000 0.0500000000 0 0 0
10 0.0000000000 0.0007901794 1.1780000000 0.0500000000 0 0 0
11 0.0000000000 0.0009492465 0.4200000000 0.0500000000 0 0 0
12 0.0000000000 0.0011011177 0.5800000000 0.0500000000 0 0 0
