1 0.0000000000 0.0006448877 0.4340000000 0.0500000000 0 0 0
2 0.0000000000 0.0002678759 0.4470000000 0.0500000000 0 0 0
3 0.0000000000 0.0005492093 0.8970000000 0.0500000000 0 0 0
4 0.0000000000 0.0009876042 0.6940000000 0.0500000000 0 0 0
5 0.0000000000 0.0002474695 0.8440000000 0.0500000000 0 0 0
6 0.0000000000 0.0006416840 1.1980000000 0.0500000000 0 0 0
7 0.0000000000 0.0009851331 1.1390000000 0.0500000000 0 0 0
8 0.0000000000 0.0010854571 1.1410000000 0.0500000000 0 0 0
9 0.0000000000 0.0007812783 0.7500000000 0.0500000000 0 0 0
10 0.0000000000 0.0008299468 1.1780000000 0.0500000000 0 0 0
11 0.0000000000 0.0009852769 0.4200000000 0.0500000000 0 0 0
12 0.0000000000 0.0011584512 0.5800000000 0.0500000000 0 0 0
