1 0.0000000000 0.0006623725 0.4340000000 0.0500000000 0 0 0
2 0.0000000000 0.0003153844 0.4470000000 0.0500000000 0 0 0
3 0.0000000000 0.0005733886 0.8970000000 0.0500000000 0 0 0
4 0.0000000000 0.0009816739 0.6940000000 0.0500000000 0 0 0
5 0.0000000000 0.0002931159 0.8440000000 0.0500000000 0 0 0
6 0.0000000000 0.0006529895 1.1980000000 0.0500000000 0 0 0
7 0.0000000000 0.0009591810 1.1390000000 0.0500000000 0 0 0
8 0.0000000000 0.0010679449 1.1410000000 0.0500000000 0 0 0
9 0.0000000000 0.0007746628 0.7500000000 0.0500000000 0 0 0
10 0.0000000000 0.0008283330 1.1780000000 0.0500000000 0 0 0
11 0.0000000000 0.0009598104 0.4200000000 0.0500000000 0 0 0
12 0.0000000000 0.0011285431 0.5800000000 0.0500000000 0 0 0
