1 0.0000000000 0.0005943613 0.4340000000 0.0500000000 0 0 0
2 0.0000000000 0.0002494799 0.4470000000 0.0500000000 0 0 0
3 0.0000000000 0.0005071859 0.8970000000 0.0500000000 0 0 0
4 0.0000000000 0.0009147084 0.6940000000 0.0500000000 0 0 0
5 0.0000000000 0.0002314295 0.8440000000 0.0500000000 0 0 0
6 0.0000000000 0.0005950390 1.1980000000 0.0500000000 0 0 0
7 0.0000000000 0.0009105316 1.1390000000 0.0500000000 0 0 0
8 0.0000000000 0.0010042150 1.1410000000 0.0500000000 0 0 0
9 0.0000000000 0.0007223242 0.7500000000 0.0500000000 0 0 0
10 0.0000000000 0.0007666123 1.1780000000 0.0500000000 0 0 0
11 0.0000000000 0.0009094429 0.4200000000 0.0500000000 0 0 0
12 0.0000000000 0.0010701355 0.5800000000 0.0500000000 0 0 0
