1 0.0000000000 0.0006622303 0.4340000000 0.0500000000 0 0 0
2 0.0000000000 0.0002973709 0.4470000000 0.0500000000 0 0 0
3 0.0000000000 0.0005720890 0.8970000000 0.0500000000 0 0 0
4 0.0000000000 0.0010154259 0.6940000000 0.0500000000 0 0 0
5 0.0000000000 0.0002744248 0.8440000000 0.0500000000 0 0 0
6 0.0000000000 0.0006586860 1.1980000000 0.0500000000 0 0 0
7 0.0000000000 0.0009662907 1.1390000000 0.0500000000 0 0 0
8 0.0000000000 0.0010998880 1.1410000000 0.0500000000 0 0 0
9 0.0000000000 0.0007720300 0.7500000000 0.0500000000 0 0 0
10 0.0000000000 0.0008352395 1.1780000000 0.0500000000 0 0 0
11 0.0000000000 0.0009627440 0.4200000000 0.0500000000 0 0 0
12 0.0000000000 0.0011521996 0.5800000000 0.0500000000 0 0 0
