1 0.0001717795 0.0004949037 0.4340000000 0.0500000000 0 0 0
2 0.0001923057 0.0002162671 0.4470000000 0.0500000000 0 0 0
3 0.0001768716 0.0004269704 0.8970000000 0.0500000000 0 0 0
4 0.0001537061 0.0007780445 0.6940000000 0.0500000000 0 0 0
5 0.0001938659 0.0001953261 0.8440000000 0.0500000000 0 0 0
6 0.0001719148 0.0004876005 1.1980000000 0.0500000000 0 0 0
7 0.0001485257 0.0006917175 1.1390000000 0.0500000000 0 0 0
8 0.0001454446 0.0008298980 1.1410000000 0.0500000000 0 0 0
9 0.0001609220 0.0005494168 0.7500000000 0.0500000000 0 0 0
10 0.0001602460 0.0006158122 1.1780000000 0.0500000000 0 0 0
11 0.0001483202 0.0006866753 0.4200000000 0.0500000000 0 0 0
12 0.0001401442 0.0008524292 0.5800000000 0.0500000000 0 0 0
