1 0.0210458994 0.0000047787 0.4340000000 0.0500000000 0 0 0
2 0.0210873441 0.0000081824 0.4470000000 0.0500000000 0 0 0
3 0.0210581816 0.0000057305 0.8970000000 0.0500000000 0 0 0
4 0.0210171352 0.0000023845 0.6940000000 0.0500000000 0 0 0
5 0.0210907872 0.0000083266 0.8440000000 0.0500000000 0 0 0
6 0.0210510608 0.0000049421 1.1980000000 0.0500000000 0 0 0
7 0.0210091252 0.0000011250 1.1390000000 0.0500000000 0 0 0
8 0.0210032879 0.0000011923 1.1410000000 0.0500000000 0 0 0
9 0.0210307954 0.0000030191 0.7500000000 0.0500000000 0 0 0
10 0.0210269555 0.0000029903 1.1780000000 0.0500000000 0 0 0
11 0.0210069232 0.0000009903 0.4200000000 0.0500000000 0 0 0
12 0.0209912148 0.0000000192 0.5800000000 0.0500000000 0 0 0
