1 0.0001688237 0.0006310739 0.4340000000 0.0500000000 0 0 0
2 0.0001912507 0.0002622167 0.4470000000 0.0500000000 0 0 0
3 0.0001744020 0.0005359675 0.8970000000 0.0500000000 0 0 0
4 0.0001494329 0.0009681010 0.6940000000 0.0500000000 0 0 0
5 0.0001929960 0.0002407715 0.8440000000 0.0500000000 0 0 0
6 0.0001691835 0.0006244070 1.1980000000 0.0500000000 0 0 0
7 0.0001429177 0.0009515625 1.1390000000 0.0500000000 0 0 0
8 0.0001401903 0.0010598750 1.1410000000 0.0500000000 0 0 0
9 0.0001565204 0.0007546412 0.7500000000 0.0500000000 0 0 0
10 0.0001560139 0.0008084040 1.1780000000 0.0500000000 0 0 0
11 0.0001426001 0.0009519753 0.4200000000 0.0500000000 0 0 0
12 0.0001340795 0.0011278301 0.5800000000 0.0500000000 0 0 0
