1 0.0154499277 0.0000170910 0.4340000000 0.0500000000 0 0 0
2 0.0156039557 0.0000292644 0.4470000000 0.0500000000 0 0 0
3 0.0154953093 0.0000204954 0.8970000000 0.0500000000 0 0 0
4 0.0153430149 0.0000085283 0.6940000000 0.0500000000 0 0 0
5 0.0156168432 0.0000297803 0.8440000000 0.0500000000 0 0 0
6 0.0154690576 0.0000176756 1.1980000000 0.0500000000 0 0 0
7 0.0153099783 0.0000040234 1.1390000000 0.0500000000 0 0 0
8 0.0152903783 0.0000042641 1.1410000000 0.0500000000 0 0 0
9 0.0153912398 0.0000107979 0.7500000000 0.0500000000 0 0 0
10 0.0153781394 0.0000106948 1.1780000000 0.0500000000 0 0 0
11 0.0153017615 0.0000035420 0.4200000000 0.0500000000 0 0 0
12 0.0152446466 0.0000000688 0.5800000000 0.0500000000 0 0 0
