1 0.0000000000 0.0003664078 0.4340000000 0.0500000000 0 0 0
2 0.0000000000 0.0001666098 0.4470000000 0.0500000000 0 0 0
3 0.0000000000 0.0003202111 0.8970000000 0.0500000000 0 0 0
4 0.0000000000 0.0005898708 0.6940000000 0.0500000000 0 0 0
5 0.0000000000 0.0001490940 0.8440000000 0.0500000000 0 0 0
6 0.0000000000 0.0003607868 1.1980000000 0.0500000000 0 0 0
7 0.0000000000 0.0004721846 1.1390000000 0.0500000000 0 0 0
8 0.0000000000 0.0006124466 1.1410000000 0.0500000000 0 0 0
9 0.0000000000 0.0003754294 0.7500000000 0.0500000000 0 0 0
10 0.0000000000 0.0004423235 1.1780000000 0.0500000000 0 0 0
11 0.0000000000 0.0004643277 0.4200000000 0.0500000000 0 0 0
12 0.0000000000 0.0006076019 0.5800000000 0.0500000000 0 0 0
