1 0.0001663746 0.0007768044 0.4340000000 0.0500000000 0 0 0
2 0.0001904258 0.0004232928 0.4470000000 0.0500000000 0 0 0
3 0.0001723683 0.0006835112 0.8970000000 0.0500000000 0 0 0
4 0.0001458568 0.0010881935 0.6940000000 0.0500000000 0 0 0
5 0.0001923291 0.0003958363 0.8440000000 0.0500000000 0 0 0
6 0.0001669254 0.0007545863 1.1980000000 0.0500000000 0 0 0
7 0.0001382043 0.0010845761 1.1390000000 0.0500000000 0 0 0
8 0.0001357766 0.0011851046 1.1410000000 0.0500000000 0 0 0
9 0.0001528378 0.0008969267 0.7500000000 0.0500000000 0 0 0
10 0.0001524751 0.0009483069 1.1780000000 0.0500000000 0 0 0
11 0.0001377913 0.0010903777 0.4200000000 0.0500000000 0 0 0
12 0.0001289746 0.0012541927 0.5800000000 0.0500000000 0 0 0
