1 0.0000000000 0.0005380858 0.4340000000 0.0500000000 0 0 0
2 0.0000000000 0.0002362086 0.4470000000 0.0500000000 0 0 0
3 0.0000000000 0.0004646579 0.8970000000 0.0500000000 0 0 0
4 0.0000000000 0.0008461829 0.6940000000 0.0500000000 0 0 0
5 0.0000000000 0.0002148232 0.8440000000 0.0500000000 0 0 0
6 0.0000000000 0.0005326648 1.1980000000 0.0500000000 0 0 0
7 0.0000000000 0.0007483530 1.1390000000 0.0500000000 0 0 0
8 0.0000000000 0.0008996729 1.1410000000 0.0500000000 0 0 0
9 0.0000000000 0.0005947016 0.7500000000 0.0500000000 0 0 0
10 0.0000000000 0.0006675640 1.1780000000 0.0500000000 0 0 0
11 0.0000000000 0.0007419770 0.4200000000 0.0500000000 0 0 0
12 0.0000000000 0.0009229310 0.5800000000 0.0500000000 0 0 0
