1 0.0000000000 0.0007619375 0.4340000000 0.0500000000 0 0 0
2 0.0000000000 0.0003423980 0.4470000000 0.0500000000 0 0 0
3 0.0000000000 0.0006540915 0.8970000000 0.0500000000 0 0 0
4 0.0000000000 0.0011404553 0.6940000000 0.0500000000 0 0 0
5 0.0000000000 0.0003178215 0.8440000000 0.0500000000 0 0 0
6 0.0000000000 0.0007536883 1.1980000000 0.0500000000 0 0 0
7 0.0000000000 0.0011377614 1.1390000000 0.0500000000 0 0 0
8 0.0000000000 0.0012503910 1.1410000000 0.0500000000 0 0 0
9 0.0000000000 0.0009118553 0.7500000000 0.0500000000 0 0 0
10 0.0000000000 0.0009673987 1.1780000000 0.0500000000 0 0 0
11 0.0000000000 0.0011394424 0.4200000000 0.0500000000 0 0 0
12 0.0000000000 0.0013324303 0.5800000000 0.0500000000 0 0 0
